Macroscopic root radial hydraulic properties, apoplastic barrier 1,0 

0 scenarios 

Stack height: 0.02 cm 

Number of zones: 3 

Number of layers: 1. 1. 1. 

Type of layers: 1 

Cross-section perimeter: 2.227487886568395 cm 

Xylem specific axial conductance: 508.01842583406994 cm^4/hPa/d 

Cross-section radial conductivity: 4.179510149575783e-05 cm/hPa/d 

Number of radial discretization boxes: 
38 12  1  4 18  2  1 

Radial distance from stele centre (microns): 
1110.6969410477345 
1677.9179324328109 
1702.7925968758268 
1728.61715208484 
1754.8698172974955 
1781.2103352945167 
1807.344392945352 
1832.886161968045 
1858.029407773587 
1882.7554864163099 
1902.1808127554052 
1932.134251168888 
1965.7490882739085 
2014.3875402231954 
2014.3875402231954 
2014.3875402231954 
2014.3875402231954 
2081.4662944038273 
2158.969646967991 
2238.480483562302 
2318.0346860389977 
2397.157103478738 
2476.0366889459656 
2554.901277503042 
2633.725360905115 
2712.6104027051524 
2791.6875356502132 
2870.846707438049 
2950.1692002091786 
3029.2702668423753 
3108.382967160842 
3187.257793549814 
3266.3763174095016 
3345.3303917290004 
3405.0491873914825 
3501.1017283654064 
3501.1017283654064 
3545.54791516096 

Standard Transmembrane uptake Fractions (%): 
0.04050716776099691 
0.026222472203868613 
0.02087283147017667 
0.021961379522585343 
0.02580434746990758 
0.03138627457089744 
0.039565311074633354 
0.0504372552778221 
0.06791465957862992 
0.1116180661920302 
0.2965242273792026 
1.7945800737300857 
0.6624773462503725 
3.6816165263171136e-09 
0.0 
0.0 
65.54603128619662 
31.71915704045881 
21.000129877428137 
20.845023225062416 
21.23271878843348 
21.595553603674833 
21.77066848817273 
21.934716195443126 
22.19258283034152 
22.69851089275297 
22.7044253552706 
22.397710724661938 
22.948210138354614 
23.1235321014443 
22.899762474191267 
22.74329123744391 
22.42642619386123 
21.66936435290555 
16.06573273873635 
5.019992394736922 
22.432405194308735 
18.095689211820833 

Standard Transmembrane release Fractions (%): 
-0.04004477811430932 
-0.02663221476866752 
-0.023037553388550583 
-0.024076461180143855 
-0.02856385987842316 
-0.03491390047123769 
-0.044787844428450574 
-0.05879242503822801 
-0.09513963575071391 
-0.33693663210028374 
-1.4598504906610057 
-6.1527046731753305 
-27.435276438823948 
-67.42911450825042 
0.0 
0.0 
0.0 
-14.430669685455081 
-20.342686341559034 
-21.15426375281981 
-21.50120003111993 
-21.804105459302548 
-21.972675344856263 
-22.0573489045455 
-22.45679933623742 
-22.90002102038621 
-22.534820836742924 
-22.309735832108675 
-23.069078088470352 
-23.147067611150174 
-22.82847533605735 
-22.642657273771565 
-22.3526918520692 
-22.279603875450345 
-27.57122343716127 
-11.805976126931213 
0.0 
-3.900534199641225 
