Macroscopic root radial hydraulic properties, apoplastic barrier 4,2 

0 scenarios 

Stack height: 0.02 cm 

Number of zones: 3 

Number of layers: 1. 1. 1. 

Type of layers: 4 

Cross-section perimeter: 2.227487886568395 cm 

Xylem specific axial conductance: 508.01842583406994 cm^4/hPa/d 

Cross-section radial conductivity: 2.879212181258776e-05 cm/hPa/d 

Number of radial discretization boxes: 
38 12  1  4 18  2  1 

Radial distance from stele centre (microns): 
1110.6969410477345 
1677.9179324328109 
1702.7925968758268 
1728.61715208484 
1754.8698172974955 
1781.2103352945167 
1807.344392945352 
1832.886161968045 
1858.029407773587 
1882.7554864163099 
1902.1808127554052 
1932.134251168888 
1965.7490882739085 
2014.3875402231954 
2014.3875402231954 
2014.3875402231954 
2014.3875402231954 
2081.4662944038273 
2158.969646967991 
2238.480483562302 
2318.0346860389977 
2397.157103478738 
2476.0366889459656 
2554.901277503042 
2633.725360905115 
2712.6104027051524 
2791.6875356502132 
2870.846707438049 
2950.1692002091786 
3029.2702668423753 
3108.382967160842 
3187.257793549814 
3266.3763174095016 
3345.3303917290004 
3405.0491873914825 
3501.1017283654064 
3501.1017283654064 
3545.54791516096 

Standard Transmembrane uptake Fractions (%): 
0.04192533315643044 
0.02714031088539717 
0.021602024703475765 
0.022723948003968018 
0.02670049102862009 
0.03247494959169425 
0.04091653325501245 
0.05208408294772319 
0.0691708538482335 
0.1049083087655042 
0.22233692117318232 
0.7269372436993173 
0.0 
7.460549472669155e-09 
0.0 
0.0 
7.132588333400573e-07 
79.48909749734878 
22.457329602065435 
20.927240082500298 
21.24375692792716 
21.60474495014462 
21.77574642938014 
21.93788277521938 
22.193248671485897 
22.69586555424233 
22.698579935223933 
22.388572759120787 
22.93713078992142 
23.107359311581035 
22.878288782834804 
22.71844905661908 
22.365687894203358 
21.022575614287703 
6.359421969049536 
1.6993829763052826e-09 
65.59638198587866 
34.408900544350395 

Standard Transmembrane release Fractions (%): 
-0.0414496797711799 
-0.027560608279136325 
-0.02384087803250602 
-0.024914199519651632 
-0.029549524361194655 
-0.036128879405113085 
-0.04633102723201108 
-0.060863808679419824 
-0.09933419626762072 
-0.36471508616032083 
-1.7275027118430066 
-9.178635342517174 
-89.72809439122132 
-6.74687358732903e-07 
0.0 
0.0 
0.0 
0.0 
-18.64909988209581 
-21.04466536039629 
-21.50336377786597 
-21.815032303245772 
-21.97948088491146 
-22.06149355377948 
-22.458271257654978 
-22.89853194442686 
-22.529693737701216 
-22.3021427751494 
-23.05914046379639 
-23.134240849478417 
-22.813995697699422 
-22.633366479785664 
-22.398932466520737 
-23.00617536600312 
-41.3094607406269 
-45.20389177738771 
0.0 
-0.005282530361682387 
