Macroscopic root radial hydraulic properties, apoplastic barrier 1,0 

0 scenarios 

Stack height: 0.02 cm 

Number of zones: 3 

Number of layers: 1. 1. 1. 

Type of layers: 1 

Cross-section perimeter: 3.6869615312120216 cm 

Xylem specific axial conductance: 1150.3905267383734 cm^4/hPa/d 

Cross-section radial conductivity: 3.162626815524544e-05 cm/hPa/d 

Number of radial discretization boxes: 
42 12  1  4 22  2  1 

Radial distance from stele centre (microns): 
2054.868339542261 
3139.932588921545 
3179.1351502854504 
3208.659056769669 
3238.5207580535057 
3268.4626289328153 
3297.782545156638 
3326.0853576639884 
3353.770646437605 
3381.2593686252912 
3403.05448165809 
3436.5045631655566 
3476.4135711625117 
3537.6127710824353 
3537.6127710824353 
3537.6127710824353 
3537.6127710824353 
3623.041299650654 
3721.009179284705 
3820.7941280830923 
3920.3029939584276 
4020.266127881577 
4120.0402319706345 
4219.536109360396 
4318.97889743049 
4418.6766918788 
4518.629269178043 
4618.529799908007 
4718.093796105171 
4817.945694697961 
4917.736748232271 
5017.367342616863 
5117.09821382177 
5217.000498089881 
5316.585487254071 
5416.2447400994415 
5515.832639687485 
5615.601235393452 
5698.496599294591 
5812.554978253294 
5812.554978253294 
5868.4819058851335 

Standard Transmembrane uptake Fractions (%): 
0.03603785181393485 
0.031458393595248955 
0.022096124492233842 
0.020283946919595657 
0.022611321349688105 
0.026682951809957833 
0.0323695398777395 
0.040727960856367915 
0.054757264385078636 
0.08590684085427114 
0.20249486206618383 
1.890899507320136 
3.6911559267249907 
3.275317335363055e-09 
0.0 
0.0 
64.45936504981358 
35.56964048943673 
27.998841959866656 
27.977620707177774 
27.969327968269432 
28.28658254848933 
28.58557087423859 
28.70735044075469 
28.699138163477052 
29.156224175881206 
29.234049359879943 
29.223516564711392 
29.209863383226843 
29.81460637639639 
29.97751782960851 
29.62083315314516 
29.569962948336887 
29.340820457062573 
28.952876215868283 
28.834303256482798 
28.822509547789227 
28.60391113172375 
20.088535983280295 
5.691041114935796 
28.25637322992791 
24.438170955609205 

Standard Transmembrane release Fractions (%): 
-0.03539020449019789 
-0.031089778570286244 
-0.02404455198714835 
-0.02250594236720119 
-0.025042427564139925 
-0.029455482072275455 
-0.03684051184504679 
-0.04778379834864471 
-0.07985668034822874 
-0.3221341350021742 
-1.4903546757352377 
-6.827190751323049 
-30.093639540193994 
-67.09215401541185 
0.0 
0.0 
0.0 
-21.506108455320742 
-27.66128519167707 
-28.051714214091856 
-28.155823927782308 
-28.383770231063682 
-28.76028289188814 
-28.820795717382918 
-28.895619876927288 
-29.248816600422884 
-29.355764253812307 
-29.215891145590835 
-29.173408439557676 
-29.96026905020991 
-30.016635786083068 
-29.502023763836664 
-29.46729881150062 
-29.251570866514275 
-28.881949034421073 
-28.77726773597355 
-28.863433897973113 
-29.052204565427726 
-34.20879162932035 
-15.519797944472144 
0.0 
-6.358029854225922 
