Macroscopic root radial hydraulic properties, apoplastic barrier 4,2 

0 scenarios 

Stack height: 0.02 cm 

Number of zones: 3 

Number of layers: 1. 1. 1. 

Type of layers: 4 

Cross-section perimeter: 3.6869615312120216 cm 

Xylem specific axial conductance: 1150.3905267383734 cm^4/hPa/d 

Cross-section radial conductivity: 2.4128530609512908e-05 cm/hPa/d 

Number of radial discretization boxes: 
42 12  1  4 22  2  1 

Radial distance from stele centre (microns): 
2054.868339542261 
3139.932588921545 
3179.1351502854504 
3208.659056769669 
3238.5207580535057 
3268.4626289328153 
3297.782545156638 
3326.0853576639884 
3353.770646437605 
3381.2593686252912 
3403.05448165809 
3436.5045631655566 
3476.4135711625117 
3537.6127710824353 
3537.6127710824353 
3537.6127710824353 
3537.6127710824353 
3623.041299650654 
3721.009179284705 
3820.7941280830923 
3920.3029939584276 
4020.266127881577 
4120.0402319706345 
4219.536109360396 
4318.97889743049 
4418.6766918788 
4518.629269178043 
4618.529799908007 
4718.093796105171 
4817.945694697961 
4917.736748232271 
5017.367342616863 
5117.09821382177 
5217.000498089881 
5316.585487254071 
5416.2447400994415 
5515.832639687485 
5615.601235393452 
5698.496599294591 
5812.554978253294 
5812.554978253294 
5868.4819058851335 

Standard Transmembrane uptake Fractions (%): 
0.03724222713496365 
0.03295466157920635 
0.023183766259077657 
0.021259936516621867 
0.023688647971330454 
0.02794080493401746 
0.03389817356480339 
0.04254334306384268 
0.05635857067050434 
0.08081909876519303 
0.14940704672168154 
0.9909226048635816 
0.0 
6.396407250367867e-09 
0.0 
0.0 
7.294388243498455e-07 
75.9087623576908 
28.964056113181403 
28.03370784114297 
27.98626118656121 
28.304796150025822 
28.594306116069333 
28.714870447694356 
28.7072254458637 
29.163277706951373 
29.233772402282636 
29.221034860747174 
29.202851433011546 
29.805296573866535 
29.96318717701706 
29.602872897299104 
29.55013001617527 
29.323066765153357 
28.93230091803748 
28.816458701329346 
28.80654842307991 
28.1444344974153 
11.567149176265385 
1.5858873154043945e-09 
65.31346154764299 
36.56289215480603 

Standard Transmembrane release Fractions (%): 
-0.03657361745551599 
-0.032562242832996725 
-0.025217539985389743 
-0.023586935834470045 
-0.02623549514686214 
-0.03083872418358977 
-0.03858080306167907 
-0.05002205522515869 
-0.08413505363735153 
-0.3491307224515312 
-1.7408152602988745 
-9.55366218080584 
-89.52885756564123 
-6.915305533978191e-07 
0.0 
0.0 
0.0 
0.0 
-26.129461745269143 
-27.9848354944005 
-28.169328174372627 
-28.404481007278537 
-28.77057773695701 
-28.83039602267992 
-28.904758282228656 
-29.25635043999054 
-29.35649922949517 
-29.2139870920376 
-29.166916243345682 
-29.95125230072615 
-30.00311437019205 
-29.48539200438423 
-29.449090424757006 
-29.237501657011265 
-28.866687464061425 
-28.77054622429386 
-28.903972277761948 
-29.478351335650398 
-44.41571029170196 
-43.79715811955842 
0.0 
-1.8763537025359323 
