Macroscopic root radial hydraulic properties, apoplastic barrier 2,1 

0 scenarios 

Stack height: 0.02 cm 

Number of zones: 3 

Number of layers: 1. 1. 1. 

Type of layers: 2 

Cross-section perimeter: 2.227487886568395 cm 

Xylem specific axial conductance: 508.01842583406994 cm^4/hPa/d 

Cross-section radial conductivity: 2.9815446778098074e-05 cm/hPa/d 

Number of radial discretization boxes: 
38 12  1  4 18  2  1 

Radial distance from stele centre (microns): 
1110.6969410477345 
1677.9179324328109 
1702.7925968758268 
1728.61715208484 
1754.8698172974955 
1781.2103352945167 
1807.344392945352 
1832.886161968045 
1858.029407773587 
1882.7554864163099 
1902.1808127554052 
1932.134251168888 
1965.7490882739085 
2014.3875402231954 
2014.3875402231954 
2014.3875402231954 
2014.3875402231954 
2081.4662944038273 
2158.969646967991 
2238.480483562302 
2318.0346860389977 
2397.157103478738 
2476.0366889459656 
2554.901277503042 
2633.725360905115 
2712.6104027051524 
2791.6875356502132 
2870.846707438049 
2950.1692002091786 
3029.2702668423753 
3108.382967160842 
3187.257793549814 
3266.3763174095016 
3345.3303917290004 
3405.0491873914825 
3501.1017283654064 
3501.1017283654064 
3545.54791516096 

Standard Transmembrane uptake Fractions (%): 
0.04192523210838395 
0.027140427641007558 
0.021602057560519274 
0.022723997301549004 
0.026700531167104153 
0.03247496620938643 
0.040916629567990234 
0.05208413015417294 
0.06917120242103288 
0.10490801338900142 
0.22232627439389002 
0.7269331911731608 
0.0 
7.460717905757982e-09 
0.0 
0.0 
7.13258890051489e-07 
79.4891917021171 
22.457115081263865 
20.926377535658645 
21.242773882638 
21.603442623537322 
21.774920561476755 
21.93613033007349 
22.19209536548974 
22.69681066251397 
22.701901285013296 
22.394004993906247 
22.945408636141575 
23.12065012414592 
22.89783993849069 
22.741837273436953 
22.42543130482914 
21.668416964859006 
16.065525015558432 
5.019866860480195 
22.432363756099797 
18.09565535959781 

Standard Transmembrane release Fractions (%): 
-0.04144960536337382 
-0.027560719478962634 
-0.02384089068052019 
-0.024914246049131988 
-0.029549587485565347 
-0.03612884392619345 
-0.04633113059178198 
-0.060863818203461234 
-0.09933398657316034 
-0.3647119121613276 
-1.7274847391637138 
-9.17860513400912 
-89.72813137162976 
-6.7468760339784e-07 
0.0 
0.0 
0.0 
0.0 
-18.648729748888044 
-21.04366337382042 
-21.50229143305319 
-21.813767407664887 
-21.978418870785188 
-22.059620817041772 
-22.457274214657826 
-22.898932670243003 
-22.532319010111333 
-22.30618070102871 
-23.066264873024053 
-23.14418333406792 
-22.826880286365196 
-22.64122812913966 
-22.351598224526967 
-22.278696097908572 
-27.571103789945962 
-11.806079444546839 
0.0 
-3.9005275443132996 
