Macroscopic root radial hydraulic properties, apoplastic barrier 2,1 

0 scenarios 

Stack height: 0.02 cm 

Number of zones: 3 

Number of layers: 1. 1. 1. 

Type of layers: 2 

Cross-section perimeter: 3.6869615312120216 cm 

Xylem specific axial conductance: 1150.3905267383734 cm^4/hPa/d 

Cross-section radial conductivity: 2.4693107172213296e-05 cm/hPa/d 

Number of radial discretization boxes: 
42 12  1  4 22  2  1 

Radial distance from stele centre (microns): 
2054.868339542261 
3139.932588921545 
3179.1351502854504 
3208.659056769669 
3238.5207580535057 
3268.4626289328153 
3297.782545156638 
3326.0853576639884 
3353.770646437605 
3381.2593686252912 
3403.05448165809 
3436.5045631655566 
3476.4135711625117 
3537.6127710824353 
3537.6127710824353 
3537.6127710824353 
3537.6127710824353 
3623.041299650654 
3721.009179284705 
3820.7941280830923 
3920.3029939584276 
4020.266127881577 
4120.0402319706345 
4219.536109360396 
4318.97889743049 
4418.6766918788 
4518.629269178043 
4618.529799908007 
4718.093796105171 
4817.945694697961 
4917.736748232271 
5017.367342616863 
5117.09821382177 
5217.000498089881 
5316.585487254071 
5416.2447400994415 
5515.832639687485 
5615.601235393452 
5698.496599294591 
5812.554978253294 
5812.554978253294 
5868.4819058851335 

Standard Transmembrane uptake Fractions (%): 
0.037244915456766337 
0.03295483310900169 
0.023183807719658018 
0.02126006327506522 
0.023688732078574207 
0.027940930559492577 
0.033898321608682794 
0.04254351938919849 
0.056358683753033094 
0.08081914028747282 
0.14940713559656013 
0.9909150508254971 
0.0 
6.3963343807915465e-09 
0.0 
0.0 
7.294389775637957e-07 
75.9090451200986 
28.962880484325886 
28.032290198088717 
27.984459059477935 
28.302345752871354 
28.59233470857071 
28.713083714876024 
28.7050593633209 
29.16087175515971 
29.23259860716624 
29.221634736333463 
29.206111814378943 
29.811743905546212 
29.97378367396862 
29.617863341823874 
29.566955123595108 
29.338041271492244 
28.950294376202105 
28.83258234203978 
28.821132627108693 
28.60250872530478 
20.08782562577392 
5.691108281904928 
28.256015895019143 
24.4380846609851 

Standard Transmembrane release Fractions (%): 
-0.03657630683728282 
-0.032562399641540535 
-0.025217594204711778 
-0.023587107458961823 
-0.02623558973339261 
-0.03083886409760737 
-0.03858098824830576 
-0.0500221995506073 
-0.08413506288946565 
-0.34913007588193234 
-1.7408123218661011 
-9.553637915557292 
-89.52887802220538 
-6.915304155147148e-07 
0.0 
0.0 
0.0 
0.0 
-26.128222572822708 
-27.983354717980234 
-28.167474474247744 
-28.402002946464233 
-28.7685785282472 
-28.828563964082548 
-28.90257397593342 
-29.253859521324944 
-29.355292929433542 
-29.214347626799746 
-29.169686076463382 
-29.95758172669752 
-30.01325485395187 
-29.49893627211166 
-29.463911466224403 
-29.248959741208875 
-28.879366312674826 
-28.77555590284162 
-28.861856637574185 
-29.050924518258643 
-34.20764293459522 
-15.520627324075614 
0.0 
-6.358080871215899 
